$ 1 0.000005 1.700203994009402 41 5 43
v 0 400 0 160 0 1 60 127 0 0 0.5
d 208 256 160 208 2 default
d 160 304 208 256 2 default
d 160 304 112 256 2 default
d 112 256 160 208 2 default
w 160 208 160 160 0
w 160 304 160 368 0
c 272 272 272 240 0 0.0022 -551.2246287327507
w 160 160 272 160 0
34 ZenerTest 0 1.7143528192810002e-7 0 2 13
z 384 368 384 304 2 ZenerTest
w 272 160 384 160 0
r 384 224 384 160 0 680
r 592 368 592 320 0 22
r 432 368 432 304 0 3100
r 544 224 544 160 0 22
w 432 224 432 240 0
174 432 304 464 256 1 5000 0.9950000000000001 Resistance
t 496 240 544 240 0 1 -526.1971886405527 0.7587140182440635 100
w 496 272 464 272 0
370 592 256 592 320 1 0
w 112 256 112 160 0
w 112 160 96 160 0
s 32 160 80 160 0 1 false
w 0 160 32 160 0
w 0 400 80 400 0
p 560 256 560 368 1 0
w 544 256 560 256 0
w 560 256 592 256 0
w 592 368 560 368 0
w 560 368 432 368 0
w 496 272 496 240 0
w 432 224 384 224 0
w 384 368 432 368 0
w 384 368 272 368 0
w 272 368 272 272 0
w 272 240 272 160 0
w 544 160 384 160 0
w 160 368 272 368 0
w 384 304 384 224 0
g 0 400 0 416 0
T 96 160 80 96 0 4 0.2 -3.531397396727698e-12 0 0.999
w 208 256 208 320 0
w 208 320 96 320 0
w 96 320 96 224 0
w 80 400 80 224 0
o 9 64 0 4099 20 1.6 0 2 9 3
o 25 64 0 4098 160 0.1 1 1
o 19 64 0 4099 640 3.2 2 2 19 3
